100110101101011111111011110011111011100100110101
010011111110110001110111110111011011111000001111
101010111010111101011110011111110100001011011111
110100011000001111110111111111110011001111011110
100111110110100011011100111100110110100111111111
111111001110111011101001100111110111110110100100
101010110110111101011001111110010011110101111101
101001111100111111111101011011010101110111010100
010011111110101111101111011110011101110100100011
110111111010001110011110111110011010010011011111
110110110110011111111101111111001001100011010101
011011111010001111101011010011010111010011111111
110111110100111101011001100111100011111000011110
100011111110111111000101110101011001111011100100
001101111000110001110011011101111110111001111100
110110111100111011100111000010100101111010111011
110001111010010001111001101001110011011111111101
101011111110010000011011111100011111111100101010
100011111110011111111001111001011000011110010011
001110101110011011101001001101000111111111010111
110111101100011100111110010101010111011111001100
111111101000000110011111010111111001011101101001
111010110100010001111101001111110100011111101110
111110001100110010010101111000100111110111011111
010110001010111111111111101111000000110110011110
111011111010111000111011111111001010100100010011
001010111110101011110111110011110111100110001100
111111101110110111011110000101001111000100101101
111100110110110110111111000011010011110100011101
011011101100110101110110011011110111010111100001
101011101110100011111111001101111101110101001000
110010111001010000111110001011110111100101101101
100101111000111001000111111111001011001010101110
101100110000111011111000011111100101101011100101
011110110100110111010001001101001111101010111001
100110111110110000011110010011101111011010010011
110111100010011110000111101111100100111101010100
100011110100011111111100100001110011001101101110
111011100010011111100100100011111101101111100000
001011110110010111110101110101011111101100010000
101111000100010100110011011111110011101100101011
000100111110011110001011001011101101111111001001
100110110010010101111101010110101111001111101000
111011111100011011011110001011001101001100110010
101010100010011000011111001010111110111110011011
111000101110010111100000010111011101001111011101
000111100110111001101110101001111000100111101011
010111010010111101011111111100110111000100010010
101101110110111010111111101110011110000100000100
000110111110110001010110111111100000110101011011
010111101100111111101011110001011010010101000110
011101011100110011111010110101011101010101001001
110111011010110110110010110101010101110110000110
000100110110111110010011100011001110000111111111
001011001100111001111001111101100110000100111111
110011101000100101111011111110001111000101101001
110010011100101111010100100111111000100101111101
101110111000110111111001001011011101000110001011
111111111000111110100111000101001001000111011001
111101011100101010010111010010101110000111111010
110100110100110111011111010100011110010110110001
001100110100100111101110010111111100110101011100
011011011000111010011100001100111101110100011111
111011101000111011011100011101010110010101101010
111011101010111101111111001000010000110101000111
101011101010101111100101001101010111010110110001
111010010110101001101110011011001100100111111010
111011100100100011111011010111011100000110100111
010010111110111100010001010101001101110101111011
011010011010111101111010010101001110010110001111
110000111100100101111011010010100111110110010111
100101101100010011111100101010110111010011111010
110101011110011011001100101110011110110010110001
011111101010011001010101101001010110110010110111
000111011000000011011111101111110011010011100111
101111111110000011000101111011110101110001110000
101101011010001001010110101110111001110011111010
010111011110001101111101111011111010010011000000
111101101010001001111110111101111100010001000011
011100100000011111101111101011101101000011111100
111110010110000101001101111111101110000000110111
011101100110011001101011110101111101100000110101
100100101010001111111010110000101111110011011011
110011110010010110111011111011101101010011100000
111001110110000100011011101011100001110001111111
101010001000011111010001111011011111000001111111
110000111110001100011011101101111110000010111011
110001101110011001011111110110001100000011101111
101011111110011011111101110100000011100001001011
111000110010010011011111100111010110110011110010
110010110110001101011111110010111101110000110100
110010100010001111111111100111011001010010101011
100101100110010100011111010111001111110000111110
101111110110001101011110010001001101010011001111
111110111110011111111100010010111000100001101000
110110111010000001111111010101011011000001111101
010010101010011011110101001110101111010001111011
101010111110000111111111011100001010010011110010
010011101110011011110011000011111001110011101100
111011111010010110011001010101111000110010001111
011000111111010100010010101111101011010101001001
010110101001010110010100010111001111110100110101
011001100011011000010111011011000011010110111011
001011111101011111110010000101000110100101000111
101011110110110000111001111011010010001010001110
010001101000111111101101100011010011011010010101
011110111100101001010111000101101110011000100011
101011100110101110011100001111101010111000101000
110010101100111010100110011001111101001011101000
100001111100111000111010010001101100101001110111
110000110000110100111000010011111110011010111110
100010100010110110111000000101010111111011011011
110101000100010001110111101101000011111101011100
000101111000011101110011110011001010101111001001
100111011010001100110000110101100111101101001101
010100110110011011101011100011111000011101110000
011110110010010010001001110001110011011111001011
010110100110001011110000100100110111011101011110
010011101110010100010000101001111100111111001110
110001110010010011000111100110011111001100101101
100010101010010111100111100000100111011111110010
110010101100001001000100110110101110111110100111
010101110110001101010001001000110101101111110011
011100101010000101001000011101100111111111101100
001001111000000011010110011111100110001101101111
100011101110001000111111001111100110001101000101
110101000000110011110101101010111100100111101100
100101110110110001111100101111010001000110011001
000101110010100111010101101101111011000110101100
100100111000110110011100111001000111110110111000
010100111000100011010111111100100100110110110110
101111101000101010100011110110111101010101000100
101110100110101010000011100110101111100110111000
010001111100110010001001111101100101100111011100
001000110110110100101000101100110111010110111011
001010100000110011110010111101111101110110100010
011010000110111101011000101011110101010110010101
010010110110100011001010111111110001010100101110
101000110000100110100011111111010010110110110101
010001110010111111110111100001100001010100100111
101001000110101101110110110101100111010101010001
100001110100101001100111110011100001110111011010
001001100000101001101111100011001110110110101111
001000111010110010110111100111111001000100111010
101000111110100011000110100101110111000111100011
011111100010110011110010001011001110010101001110
100111100000111000100010011101001101110111011110
000111110110101110110001011001100111110100011000
000110101000110111010011011100111111000101001110
010100111110111001010011001111110011100100000110
011110111100100110110011001010110100000111010101
100100101110101001111011011010110100000111001110
011100111000100101101001011110010011000110111110
100101111100100000111101010101000101100111101011
110100100100111101100101000001110011110111100101
011100010100111101011111010000111001110101000110
101110010110111100110101010110010101110110000001
110100000010101011101111010110010101010111111000
110011111000111011000101001011111011010100001100
000011001010110000011101001111011111010110101110
101001111000100000011101011110111100110101110010
011010110110110011010110011100101001000110010111
101010110110100100111100011101100011000111001101
101010110100101111111111001101100100000100010011
110001010110101101110011000111011011100101100001
011010001100101011111001010011100101110101011001
010101111000011110001110111001011101110000100110
100111011100010010101110101101011111010000011100
110101111000010001100111111010010101010011000111
101111101110010100100110101101011000110011010010
001111111000001010001101101110111110110000101100
000101101010000110101111111101010110110000111001
000110110110001000110101111011001111100000101111
111111110100011000111000100110011111000000011011
101101110100000010111011110001111011100011000011
000101100110001111101001110111011011100001101010
110110111100010010011011100011100110010001001111
011110101110001101001001100011100101110011100011
111110001000001111101001110101100111010001001110
011100111110001110110001100101101011110010010001
101100101110000011111001110111000110010010101101
100011010100011011010011101100001101110011111100
011011110000000001101000101111001111110011111001
110010101010010101100011101110011110100010010111
111010011110000000110001111001011001100011111110
101011001010011100101111100110101110100011101000
110001111010011010011110100011101111100010001100
111011111110001110011110110101100001000000100110
101001111000001101111101110111101111000010000010
101010100100010000111110110101111010110001111100
111000100110010100111110110100011111010010000111
110000110000001011100110110101111011110010011101
110101011000000110010001011111101101000011111101
100111101110000010100001001011101111100011011011
001111011000001111111001001010101010100011010111
101110100000000001111011011111110110110011010001
011110110100000010101011001100011101110010110111
000111100100010011101101010001101011110010111101
001101110110011101110110000110100011010010101011
010101010010011110111111000001001111010011011010
111101100110001010100111010101001000010010111111
100100011110010001101101000011111001100011101111
000110101000011010001111010011011110100011101111
010100111110001010110110000111110110100011011010
111001100010011111111100011110110010000010110100
111011110110010100000111011110111110000001001001
011011010100011010011111001101011010000010111101
101001000110010111010101011111011101100011101000
110001010100011100101111011101011111100000010011
011001110100000101110111011011011100000001111110
111010011110011001101100011000100011010001111101
111010111100011000000110001111001000110011101111
111010001110000111110100001110101010110010011101
101001111110001101111000000111110110110001001001
111001011110001110110010000110011100110000110111
101000111011011011000000101111001100010101111000
100010100111010010011101100001101101100111001001
011000111111011101010100001001110100100100001101
100101100010110001011011110111101000111010010000
001111100010110001001010100011000101111001111010
100101101000111101011000001001010001111011110010
101101010010111110010101000011110001001010010110
000010101010110011001100001111111011101001010010
101100110000001001000001110101111100111111100010
100011101010011101100000101110010101111100001001
110000010100010011110011111110001100001111010001
010001100110011001110110110000011101001110011100
010010111010011001010110110000001111111101100000
001000011100010101011111110011000100011101101010
111100111110010000111000001010001101011110011000
010101101010011011001100010101110000011101011100
100110000110011111110111000001001000001110001111
001011101110010000010111001011000001101111100110
011001101000010101110101001101001111001100000111
100011111100001101000101001111101000001101101010
110000100010011101000101011001011011011101111000
011000100100001110110110001111110011011101000010
010011110010010000110011010001000100111111010111
100001110110000111000000000011101001011110111111
001011100100000010110010010001101011011101011111
100000101010010010011011010101110111001100011101
010010111010001110010001010011110110101100101001
010111110000110110110110101001010110000100011001
001111101010110100010011100001110011010111000100
111110100010111100111000100111000010000101011100
111100110010101001011001100001101101000100111100
010011011100101001011010101010101100100110101100
110000100000110111011010101011010000010101111101
110010000110100000010001101111110110010111111000
000011110100110111010101100010101100010101010101
111011110000110011000101100001000100110111101001
110011110000100111100100100110100111110101000010
110000101000110101100101100100111101000110111001
110010101110110001011101100001010011100100100011
011101110110111100001010001000001111010101110000
001111000100111000011001011011001001110110110001
101101110000101001011010011010100011110100100110
011111100010100110010001001110101100110101100001
100111110100101010011001001011100100010111100100
010101110110100000110000001101101101010101010111
100111100010100101111010001010101100010110010101
110100111100111001011000011100010100100100111100
110110001100110010101000011111011100100101010001
100100011110100111101000001101010010100110101101
000111111100100101001111000001101010000111100101
111111001010101000010100000011100001100101111011
001101101100100000101111000100101111100100011110
001101101010100110101101010011001001000101110101
000110110010101011001100010001111000010110110111
011110110110100000101100010101010010110110101010
000001001100110101011110001001111010110100011011
001001101110111110010100011010110101010100001010
000010110000111100010100001011101111100110010111
010010100110111011001101001000000101100101111101
110000110000100111011101011011101011000101100010
101010100100101000011111011000101111100101100001
011011100100111100110000010001111010100110100110
101001110100110100000010010111110001000111010111
011011000110110001011001000010111001100111011010
100011100000111100011011010111111101000110001000
111001010100101010010001010101110001100100111110
101011100110101000111010000000010110100111111100
100000011000111111110001010000100110110101111010
101000011100110110110011010101101000010110100110
001010111000110100101011000110001101010111010110
111111001010011100001101101101010001010000101100
100101001100001110110101101001011100010001101101
001110010010011100111100111000101100000011100111
001100100010011111010111111111000100100000100011
110110100100010111100110111110000101000000011110
011101010100010011111001110000110000000010111111
010101110000000001010011110110111111000010110011
011101100000001110110010100011010011100001110111
110111100110000101111011100000011100000011110010
001110101110010000110001100110101111110001100100
000110011010011011111001110101101000110010100010
110100101100011111000011100100101101110000000111
100110111010010111000001110010100100110010011110
101110111110011010000000110000001111010011100011
101110101000001100011000110011101010010011110101
111110001100000011110011110011101100010010010010
010011100000011010010010111111101100010010001111
111001010010011111001010101100101000010010011011
000001110110010101101010101110001100110001011110
101011010010010011110011111010001000110010000111
111011110100001101111000101000100011010010000111
101001100110001110111000111100101101010001001100
000010111010011101101001111011110001000010110100
101000101110011001011000111010111011000010010011
111000101110010010011011111000010101100011100001
101010101110011010011000101101010000100000111111
011010111110000110110010111010011111000000101000
100010111100001010111000101011011101000011110001
111010101000001111011011111100010010100010001100
001011001000010101011111110011001100100010110101
101011111010010110111110110010000100000001011100
111011011100011111101101100110000000000010010110
110001111100001111000100110010100111000000111101
110001101110000011111110110011100001000011010001
110001111010000111111101100101000000100011101100
001001101100001101101110100101000101000011111011
111011001100001010001110110110001110100001010011
101010010100011110010101100100111110010001001110
100000110010011100000110100111110101110011001011
101010110100010000100111100010011111110011010001
101010000110001010001110100000111101010010111111
011010100000001110110111110110111110110000000001
010010110110000001101101110010110110010010011011
001010000110001111111100100101111100110011010000
100000010110001100101111100011010110010011111100
101000100110001011100110110011011100110001100101
101000110000000001111100110110010001110011101111
110101101110011100011000011001000111000010100111
111111111100010100111010001110000110100011000000
111101101010011110100001011010000110100000011101
101111111010001011000000011000101001100000111111
111101111100001010100010011100101111000010001001
001101011100000101111011011001101101100000001101
111111101110001011111011001000001011100000100000
101101011110000001110011001111000100000011110011
101111101100001100100011011100000101100001100111
010110010110011100011011011010010010010010101011
011110010010010111011001011001011101010000110010
001100100110010101110011011000011011110001011001
011100000110010001111000011011010100110011001111
111100000110001111010011011001110110010000100101
001110100110000101101011001101111110010000001110
110100000000000101101010001111111001110001011111
111110000110001110110001001011111001110000001010
111100110100001110111001011101010000010001111000
110111010110010001110100010100100100110011101010
001111010010010001011100010101000111110001110101
101111000100011111010110010010000010110010111100
111101100010000110111100010101100011110001010010
110111110000001111111100000011100000010001011101
111101010110001111101100000001001110110000101100
110111110000001000111100000111000111110010100110
011111010100000011111111000110000001110001111000
001100111000011110110101010001111011000000101101
101110001100010011010110010111110111000010000101
111100101100011111000110000001011100100010111010
100100101110011010111101010101011111100010000000
011110001110011001111110000110011010100000000111
001110111110010001101101010111011100000001010010
111110001010001011010101000001111111000011100010
001100111100001001001101010001110111100010110110
100100011100001100010111010111111101100001100010
110100101110000110100111010001110101100001001101
111110001100001000101100010101111001000011010111
010110011010001010111111010010111001000010001110
100110111100001001111110000000111100100010011101
000110111110001101110100010101010000100011100111
111110111110001000011101010010010110000011000101
101100011110001111010111000010011011100010001001
101110111000001111000111000111010100100001010101
011100001110001111011110010011011101000001010100
000001010000010110011111011110111010100001011110
001011110110011010101110011011011001000000000111
101011000100001011101101011001111110000001001011
110001010110000011101100001101110011000011011110
010001100010001101101111011000111110100011011000
101001000110000010110111011100110101100010010111
110011110000000011111111001011111000100010010010
111011100010000110111101001010010111000001100011
101011010110000001101111011010010011100011100100
101001110000001111111110011000011001100001110001
110011110110001010011100011001011100100001011100
111011100100001001011110011110010001000011011010
110011110100001111000111001000010101100010001111
111010011010011000010100011110100111110010010010
001000011010010111000111001011001111010011100011
001010101100010110101111011111001011110000001000
010000111100011100110101011110001010010010010111
011000101100001110001100001010101110110011110110
110000111010000101011110001110100110010001111100
110010111010000101100110011011100011110000001011
110000011110001101101100001110101101010011000011
101000101000001011100111001111100101010010001111
110010101010001100111110001001001101110001110010
111000111000001000111111011010000100110010111001
011000001110001100011111011001000011110011001101
111010111000000001011101001001001111010010011110
100010111010001110011101011111000101010001001001
000000001110001011011111011110001101110010011010
100001101010011010111011010110110000110001110001
110001011100010111101001010001111001110001110000
110011111100011000100001000101111100010010110101
011011011000011101111000000110111001110010100001
111011101100011100011011010100110110010000010010
101001111010010011000010000001111101110011010101
111011011100010111110000000001010111010010011001
000011001100001111000001010010111101110010110111
111001001110000011001000010111110100110010111010
101001111100001000100001010011011011110000111011
010001011100001101111001010100010111110000101110
010011011000000110011010000111011111110001001011
010001001110001010011001010101011110010011010111
111011111100000011000011000100011010010001011111
111001101010001111000000010110011011110011000011
001011101110001000010011000110010111110010001111
110011001110001101001011000001011011110010011010
100001011100001011001011010111010001110011001101
011001111100001110010011010000011101110011011000
010000010010011011111010000101101011100001110111
110010100100011111100011010111101010000001100011
011000010110010110111001000110101110000011101011
111010100000010010100000010100101111100011111111
101000110100010011111010010011101111000000111001
101010100010011111111001000001101110100010100101
111000110110011001100001000111100101100001111010
011010000100010101111011010101100101100011100110
111000100100000111011001000111001111100001010111
100010110110001110011011010010000011100011011110
011010010110001101000011010111001101100010011101
001010110111011000010110110001100011000101010100
000110110101010100001010001011001100100100111101
001011110100111001010011101001010100001001100010
101100100010110100111001011111001001001001000010
101011111110111110000011010011000010001000100000
110010100100110000000001010011111101111001010010
010011110000001000010100100011110100001111100111
010111000110011101111001001010011100001100001000
000100100110001100001100010001101111001111110001
100000010010000010010101001111111110111100100100
001001010100010000111000010110100110111100100111
110001110100011100000011010101000101111100100100
001000111100010010010001010010111101101101000101
101000001010011001010010010011011101101100110001
110100000110110100110011110011001101100100001000
000110100000100010110001110111001111000101110010
111001111000111001011000111001100100000110000001
000001011010100010111001101001101110100101000011
010000101010111110010100110001010100000111110001
000010001110110111111111100010010100000111000000
111100111100111000100000011001010001000101001011
101100101110100100011001011001110010000100110010
100101011110111011010110000001101000100101000001
111100100110110110000101010111110000010101000000
101110010100110010001110000010110100110110010010
111100110000111001100100010011011100010110010000
111100110010100010111100000000110100010111001001
100001111110100100100101001011111100010100000001
101010110000110011011111001010000010100100111000
100001110100111111000001010110010100000100101011
110001100000111000111001000011010100100101011011
000001000000100111011001000100110111000111111011
110001010100100101001010010100110110100111100100
000001100010100100110011010001011111000100101111
110000011010110010001001000111001111010100110001
110000111110111111100010000101000000110100010010
001000111110101011010010000010100000110111111000
011000111110101010101000000011101001010110000110
101010111010101010111010010001001000010101100001
110010101110100100111000000011000100110110101001
011100000010000001111110111100000011100000111110
110111010100000100110010100111110100100000011100
010111100100000001010001110011010011100011001101
011100111000010010101000110010100101110000110011
100100111110010101011000100101101001010010001100
111100001110011001010001110100000001110010110100
101110111000011100111001100100000100110000001101
110100011110000101101011100000000101110000111001
011001110110010010101010101101100010110000101000
101011100000011001000011111010100011010011001100
100011100100001101111010111011000010110001100000
100010011100010101010011101011110011100011000000
001000001100001010011011101111111011100000110000
001000101110000101010011111110110000000000111101
101000111010000011100001101110011011000001100110
011000011110000101111000101100011010100001110001
100011111100010001011100100100001110100000110110
010001011110010000111101100111000111100001010000
101001101100010110111100100011001000100010001011
001010100100011100010101110001010001110011110010
010000000000001110011101100111110100110000111110
111111001100010001001001011110100011100000000110
101101011000000110101010011011000001100010110110
101100110110011000011000001001110010110011010100
101100110010010111011001001110110011010000000001
000100100100001101010001001111111000010011110110
100110100000000010011000011011111101110000100111
100100110110001111111000001010010100110010100010
101110100000001101100010011110011001110010101000
011101100000010101001110000100101011110011000101
110111010100011010010111000110101000010000010011
101101100000011001111101000100001001010001011110
110101000100000011010110000011101011010001101110
100111000110001001001101000110100101110000101101
111101110100000100011110010011101000110010100000
000101110100001010110101010110101001110011000100
011101110010001100101111000110100101010000010100
101101010100000101001101010100000011110010011011
111110111100010100000100000011011011000001110100
010110111100010111101101000010010111100000000001
100110001110000110001111000110111010000000111100
101110101010000100011110000101110001100010110001
000100101010000101110100010110111111100000010110
010100111110001110101100000100011001000000111011
101110101100000110111100010000010101000010101110
100001100100010011000111001111110011100000011001
100011000110011110001100001000011010100011100111
101011000010010101110111001001010110100000011010
010001110010010110110111001100011001000011000101
010001000100001111011111001110111100000001100001
001011010100001110111100001010110111000000011100
100001110010001100100101001110010000100001111111
010001000110001001111101011011010001100000111001
001011110010001000110101011110011101000010110000
011001110110001110001101001111010011100010000000
001000001100010010111111001100000110010001011111
100000101000011001111100001011001011110011000101
100010001100001011110111011001100011110000010100
100000011100000100110100011011100100110011011110
010010011100000101111110001011000001010010110101
101000111110000100100101001100001101110010101100
110000101010000111000111011011001000110011010100
100011001000011001010011010111011010110000100110
010000100000110111101110100011001010001001001010
100100010110111000110010001101000100101010001001
000100101000111010110100000111001110011000001100
100001101100100101000011000001100011101000101110
110100000000011100010100000111001100001101101011
111011101000011000100101011001001000101110000000
001010101000010100101001010000010110101110011010
001000101110000010001010010100111110101110100000
100110100100100001000001110101100000000110111101
000000111100100111101100110001110011000100010000
101100001100111010001001001100110110000110000001
000100101000110000010010001111010110000111100101
010110101010100000101000001101110100000110011100
100010010100110100010110001001000101000101111010
010010000100110001111101011001001000000110011100
010000100100100011101100001100101110100110001001
000010100000101011110110011111101000000101000100
111000000000100010110101001101001001000110101011
001001110010110001101001000010011010100101000101
100010001110110101001001000011000000010101110110
100000101100101001111010000110001101010100110000
111110010010010001001110111000100001100010000001
111100110010010000000100101010000110000010111011
000110100000010101010100111101001010000010111010
101110010000011001101110101011000110000000000110
101110100010000011011110101001100100000001101000
001100100100000101110100101101100110100001000101
011100110010001010110110101000101101100000000010
001111110000010000010001100101110000100001010111
000111010100000111011001100000110101100001100100
110111110110001001100000110101110001000010000000
011110001100010100011010110001100000110000011001
001100111010010101110010100001000110010010010010
111100001100001001101000100010101010110001011000
010100101000000001110011100001001000110001111110
101011110100010110100001101001000001110001000100
011011000000011000111010111000001101110000010100
000011010110000010011001111100101010010000110100
010001000000000111111000101010101101110010001010
001001100110000010101011111010000100010010110010
000001110010001001010011101111001011010001010000
110010001000010100110000111111110100000001100010
010000001100011011100010101010011111000001010010
111000101100010001111001101011011100000000000100
100000101110001110000001111011010110000011000010
000010111010001011001010111000011110000000010101
011011001110000000011101100000100100000001110111
000001101100001011110111100010000101100000100110
111011101000000000100111110011000001000000101101
000010010010010110011100110010111001110001000001
111000010100011000010100110011110001010000001101
001010010100000100111101100011011010010000100011
100010010010001000101100110101011101110000101000
000000110100000111010110110000010110110011000110
110010100100000010011100110111010111010000010000
101111001010010010101000001110100100000001100101
100111011110010100110001011000001010000001000101
010111111000001110001011001100100000100000110010
001111111100000010110000001101000011000000110101
010111111100000001101000001010001101000001100110
000111001100001101111000011100001100100010110000
110101101100000101011011001001000010000001011001
000110110100011110110010001100011010110000000100
000110110000000100001001001000111010110011111001
110110010010000100010000011100110011110001100100
100100100100000110100010001011110111010010010100
100110010010000001110001011000111101010010001001
111100110010001000100001001011010001010010100101
110100100010001000011011011000011011010000010110
111110110100001011000010001001011101010001000000
111101000100011100101110000011000001010001000011
010111000000001001011111010001100000110001100011
011111100000000111101100010110001000010000100011
001101100010000011001111010010000010110001001110
110111100110000111000111000110000110010010000000
100101100100000010011110000101000100110011010101
111100011000010100110101010000010100100001010011
100100001000001101101111000000011111000000100111
100110011100001011110101000011010000000000111010
101001000010001100110110011011111000000010001001
100011100110000101111100001101011001000000100100
100011110010000000011110011101010110000010000011
001001100100000000001101001001011001100011011111
101000001010010000001101011001101010110000010111
001010111000001111010101001000100001010011100100
001010101110001001101111001010101000010000010001
011010101000001101110100011101100100010000011000
111000001000000101101101001111000110110000100010
100010011000000011101101001000001100110001110101
111000001110000010110100011111000001010001100100
000000101110001111101101011001000000010000101110
101010001100000101010101011010001001110001000011
010010111110000000001101011100000001110001010110
011010101100000011001110011001000100110010000011
011001101000010000110010000100110101110001101010
011001101010010010010001010011111011010000010000
100001001010010101001001010100110101010001000111
000001011110011111011011000011110000010000000010
011011001000010100011000010000011110010011101100
100011111110010001000010010001010001010001101010
000011001110011001100000000000011110110001011101
110001011000001000101010010011111110010001000100
101011111010000010100011010000110110110000001000
100011001000000011110000010101111000010011011100
001011011110001000111000010000110101010011000010
011001001110000111100010010000111001010000001110
100011011110000110101000010110010011010000100001
010011111010000100110001010010011000110001100010
100001111010000010111001000001010101010000110110
111011101100000001111000010000010000110000110101
001001111010001001101010000100011000010010111100
101001101100001110011010000001011011010000000101
100001101000000011011001000010011110110010011001
000011101110000111010001000101010001110001010001
111011001110000010001001000010011101110001000100
110001101100001100000000000111010101010001011110
011001001000000101011011000110010000110011010110
110000000110010101110000010010100110100001110101
001000100110010110101000010111101000100000110110
100010010000010111110001000110101101000000110110
011010010000011110000010000011100010000011011111
010000000110011011000011010000100111100011001011
101000100010011010011010010101101010000011001010
110010110000001011111010000000000110000011101011
001010010100001010100011000101001011100011101010
000000000010001111100010010110001110000011111110
001000100001010001010000000011111110010100000111
000110100010111001101001100000000111000100001010
100000010100100011010000111001110000110101100000
001101001000110101111100000001100100000100100100
110101101000110001000110000111000000000100111000
100011000000110011001000010001010011100110101000
101010001010110110010000000000000111110100100100
011000101000100011001011000000100011010110100001
000000101110100011110001010100100100010100000011
110000001000101001110001000111100000110110000100
001101100100011010001000100010010111000010100100
100011100000000100000001111001100111010000110010
101000101000011100100011101101010001000000010001
000000111000000000010000111101110101100010101001
010010100110011001010101100100010100010000101000
010100100100011001010010001010110100110000010001
101100100100010100000011001010010100010001101010
011100000000000011111010001010011010010010110000
001101100000000110010110000100101110010000111000
101101000000000001110100000011101101110000010001
101101110100000000100101010000000110010001110100
010101100000000101110101000000000101010010101101
011100001100000100111101000111110000000010001000
010011100000010000001101011111010100100000100100
001001110110000001010100001010110010100000110010
101001000100000000101110001110011100100000111000
111001000000001000010101001010011110100010000110
000000101110010001010100011000001101010000110101
010000101100000000110111001001101110010011000000
000000101100111000001000000001100110110101001000
101001101000000111100110100000100010000010000100
100001101000001000000101100101000110100000001011
001101011000010010011001011000000110100000100000
100101111000000001100001011001100000100001000010
111111001010000100001000001000001110000000010010
000100000100001000011000001101010111010000001011
010100010100000101000000011011011010110000000010
000100111000000100101110010010010010000001101000
111100011010000011010100000100010010000000010100
000110101110000000010111000000011000000001001011
110100001000000001001100000100010101100011001010
000001000100011111100101001001010000000011010000
110000011110001010010100001000000000110000001011
000001001000000100100011000111011101010010100000
010001111010001000001001000000010011010001001001
100001011110000000010010000100011010110011000000
110011001000000010010011010000010001010010000011
000011101100001010001000010100011000110000001010
010010010110010000100001010100101001100000100001
100000110110010000111011000010100000000010100100
100010100000011100111000010000100001100000111000
010000110100001100010010010011000111000001000001
110000010000000000001001010001000110100011011101
011010100010001001010011000000000010100001010101
111010000110000101001000000010000011000011001001
100010000110001000001010000101001111000001010100
000010100010000100010001000111001110100011001000
101000010000001101001011010110001010100001000000
001000110100000001010000010100001011000011011100
100010110100000011000010000011001010100010000101
000010010000001111011001000001001011000000011001
101000100010000110000011010000001111000010010001
001000000110001010011000010010001110100000001101
010000000110000111011010010101000010100010010000
110000100010001011000001010111000011000000001100
011010010000000010011011000110000111000010000100
111010110100001110000000000100000110100000011000
001000110110000000001011000111000010000000011011
101000010010001100010000000101000011100010000111
000010100000000101001010010100000111100000001111
100010000100001001010001010110000110000010010011
111010000100000100010011010001001010000000001110
011010100000001000001000010011001011100010010010
110000010010000001010010000010001111100000011010
010000110110001101001001000000001110000010000110
101010000000000010010010010111000001100001011001
001010100100001110001001010101000000000011000101
100000010110000111010011000100000100000001001101
000000110010001011001000000110000101100011010001
011000110010000110001010000001001001100001001100
111000010110001010010001000011001000000011010000
010010100100000011001011010010001100000001011000
110010000000001111010000010000001101100011000100
000000000010000001011011010011001001000011000111
100000100110001101000000010001001000100001011011
001010010100000100011010000000001100100011010011
101010110000001000000001000010001101000001001111
110010110000000101000011000101000001000011010010
010010010100001001011000000111000000100001001110
111000100110000000000010010110000100100011000110
011000000010001100011001010100000101000001011010
110010000010001110001011000011000100100000000011
010010100110000010010000000001000101000010011111
111000010100001011001010010000000001000000010111
011000110000000111010001010010000000100010001011
000000110000001010010011010101001100100000010110
100000010100000110001000010111001101000010001010
001010100110001111010010000110001001000000000010
101010000010000011001001000100001000100010011110
110010110010000100011000010110001000000000010101
110000100100001000011011000100001001100010001001
101010110110000001011001010001000101100000000000
101000100000001101011010000011000100000010011100