000110101100111110001110010011001110111011111111
101001101100010100011001101111011011111110111110
000011101100011100110111011101100111101110111011
010010110110010101101111011011110011111101101001
100111111010110111100000110010111111110110101001
110010111010110100111111110111110101000111100010
110001101000110111100111001101111011010101111011
001011111100111111010101001010011010010111110111
111011010110111011110011010101010101100110011110
110000111110101101111001000110101101110111010111
101101110100000110111111010011101011110011010111
110011111101110010011011101011111110010000001100
100110111100010001111111101011011010001111000101
111100011010111001010101101111100110110100001110
010111101110100010001001100101110101110110111110
010101001110101111111010110000110100110111011001
000111010110111001111010011010101100110101100111
011111100100110011010010011001100111010111010111
000110110100110110110111000111110100010101111101
001100100110101101101111010111111111110100000010
100001101010111010111101011111011110110110010000
111111000100010001101011110111111101100010100101
110011111010001110111001010101110110110001001110
101111101100011011100000110111001110101100001100
001100110110010111110110000111000111001111000011
011111100110100000110111101101111000000111000011
100001111110110011011000101011101001000111011001
010000110010110110101001101011011111010101010110
110010000010101111110010101111110010010111001010
110111110110111100011001011101000100010100111000
111110111100110010111000001001110000100100110111
011010110010100110010100011011100011100110111101
110011110000110111011011000101011010100110100101
001010011110101011111001010110000011110100111001
100110110100011011011101101101101011100001001010
010110011110011001011001110101001000010011110111
101110001000000111010011110101100110110011110011
011001100110011110010010111101000010110011101110
110000111000001111000011111111110000100010111110
111001111100010111000111110011100110000001001011
110011101010011111111110100001000011100010011001
101000100010011111100101110110010010110011010111
010010100110000011010111100010111111110011100110
110111101100000011100001011011000011100011111011
110100100110011101111000011101011011010000001111
111110100010001110111010001100010101110011111000
101110101000001011011100010011111101100000101111
101110111110000100100111010100010101100001101111
011011010000011101011111001101111111000001010001
111010111000010100111110001010101110010010110110
110011111110011011011010010010010101010001110001
101001101100001001111011000111010100010011101111
100110000110011010110010100101111100111100100010
100011110010001011100110110000110111101100010100
111101001000011110110110000111011000011101000001
000000111110101110101111100001110110000110001100
010111101000111001010110010101001001100101100011
101010100110101001111110001100100010100101010101
011011110010011011101001111000101001010001101000
001011000110001100011000101011101011010001111101
101011101010010010011101100010001110100001110011
001000110100011100001111110010011101110010101001
111010010100000011110100100101111110110010001001
011111111100011000001011001111100010000010011010
101101111100011111111000011001000101000011000100
100111011100001101110011001010101101100010001001
101101111010000010111010001111000011100000101101
001100010100010011111001011000110010010011111110
101110010010000101101011011010011010110010100011
111101000110011100110101010000100110010001101101
011101110110011010001111000100100101110001010100
010101110010000101101101000101001010110011111001
110100001010001011101111010010011111000010111000
001110011000001100111111000111011000100010111100
101001000110001010010111011011111000000010111011
011011100110001111001101001011010101100010000011
110000011110001001001110001111101010110000110011
101001011110011110010001000111110011110010000001
110010010010001110001010010110001011100011011111
111000010110110011001111001001000100000111100001
100001000010110101110001010100110110100100110011
101011110100100111000000000001110100100111111000
111001100100100110111010000000111101000100001110
101000111000100001011010010001101110010101101001
001100110000010000101100111110101111100001110000
101101010110001010101011100000111110000001000011
011100101100010000110010100100101101010000111101
111001100100000011011000101111100101010000110010
101000011100010010010001111000111101100001010101
110010011110010001010010111001011010100001101000
000010111110001110110000111011010101000000101010
000011001100001111011111110001100001100001100100
001001001010000101111100110001001110000010101111
010000010000010111011100110111010011110001100010
111110000110011001110001001011011100010010010000
101110110100001011000010001011010110110001000110
101111000010010011010110000101001100010001111100
001111010010001010111101010010000101010010100110
100100101100010111011101000100110110000010011001
111001010100001110101100011001011010100000101100
010001010110000101111111001110010110000000101010
110011100010000001111101001001011001000001110110
100001110100001101000100011010011101000001011111
101010001110010001101101001010100001110010101100
110000101010001000000101011011100101010011100111
001010101100001000001101011101001011110011010100
100010011110000110010111011001001110010010000101
010010111110000001010100011110000100110011011010
101000101010000111011111011110001001010000001010
100011101100011001000011010001111010010000010111
111001111000001101100010010010111011110001000000
001011101010000011110011000011110111010000011000
000011111000001000101000000011011111110010110011
110011011100000101001011000101010001110011010010
111001101010000001000000010101011101110010011101
110010000110011110101011000111100110000000110100
101010110010010101011000010111100100000001010111
011000000100011101000011000011101101100011011110
110000110100001010111011010101001101100000100011
011010100110000111110001000110001000000010111111
101111001000100010110100010000100110000110011100
000000101000010100001010101101110101100011000111
101001011110010011101100100100001011000000010100
100000010100001000110111110011010110010001110000
100101001010011101001001011011100010100001001000
101111101110010100000010001001001000100010110001
000100110010000010010001001101111110110000110100
101111100110001010100100000101100001010000001011
100100001100000000110110000111111111000010000110
000011100110010110001111001000111000000001001101
001001100100001010110100001100010111000010110101
011010001100010000111110011001000001010001001011
010000101100001111110100001001101000110010000110
111010111100000110100101001111000000010001100000
111010011000001010001101001000000100110000011111
011001001010010000011011010000111100110011000010
110000101100111000100000000101000111010101001000
000010101010100101101000000101001001110100100100
100001110010011001100011101101000000110000000001
100100110100000001000010011100110101010010100001
110101000000001101010111000000001110110000010010
001100111110000001110100000010111000100000010001
111100111010001000011100000101010000000011000010
000001010000000010011101011101010100100011001001
010001111010000100110011000000010001010010100101
000001101110000010001000010010010011010011001110
010011001100001100011001010110011000010000001001
000010100000010001001011010110001110100000101110
101010010100011100010000000100001111000000111010
000000010100010101111010010000001110100011010001
101000110010010000100001000010001111000011001101
111010010000001001010001000110100010100011100100
011000100110000101001010010100100011000001111000
010010110100000011101010000011100001000011000101
111000010010000110110011000001100000100001011001
100010100000001111100001010100101101000011010000
001000000110001010111000010110101100100001001100