101101111100101111011100010101101111000110100100
100111110000011111111010100000110111100011111010
101101111010010000011011100001101011001100011111
110000100010100100111010111001110111110100011011
001110110110000010010100111111100010100011111011
010000011100010110111000111011111101000011111100
111010110100010001011101100111110110010010001110
011101101110011111001010011001100111000001010011
110111110010000111111111010011101001010000001010
100010101110011110111110001011101110110000100001
100010101000010011011101011001001011010011111111
100010100011011011000111100101101010100111001010
100010111100010101100011000011111000001111100011
010100101000110001110011001101110000100101111110
001010101110111001101001000001100101110110110100
101100101010000010100111010010111111000011000111
100001110110010101000111001100110101100001001111
101000111100001100111111011000100100010011011010
110001011110011011110011000001010011110000010101
011001111110000110001001000010110111110010101001
101011001100000111001011010101011101110010010010
111010110110000001111001010101001111100001100001
011000100100001111110011000111001100000010111111
110010010010001110001010010110001011100011011111
101000011100111000010001010111001010010100111010
111111010100011100001100000000001110110001101100
000101100110011000110100010101001101010011010110
010100001110001101011101010111110010000001101000
010011100000001101110101011010110110100010000011
111001010010001100101101001101010011000010100110
001001111000001001101011010110010000110001100111
111011001110000001110000000010011001010011101110
001000110100011111010110110010010011010000100000
101100100010011010011000011100010100010000101011
100110011000000000110110000111011101100000111000
101001000110000011101110011010110010100000011000
001000111110000000001110001111001011010001001100
100000011010001011010101001110001100110010000110