001100111000110010110111010111100001011011110001
000010100100110011110010111110010110110101011011
101101111010101000111100000001001010000110100011
010110010100000011111110101111000000100011100100
010100001010011010011001110011101111010010000100
111001010010010000010111001011111000100001001110
111010001100011000101100011001000001010011010111
110000111010000001100110001100000111110000111110
010001111010011111001011000001010000110001110001
100001011100000010101000010111111100110011011000
101011001100001110110011010100010110010000100101
011011101110000101110000000010011001010011101010